[gd_scene load_steps=4 format=3 uid="uid://b13yrbsoh8aca"]

[ext_resource type="Script" path="res://3D UI/3d_ui.gd" id="1"]
[ext_resource type="FontFile" uid="uid://b3bv3xunhmal3" path="res://3D UI/Oswald/static/Oswald-Regular.ttf" id="2"]
[ext_resource type="Script" path="res://3D UI/metric.gd" id="3"]

[node name="3d UI" type="Node3D" node_paths=PackedStringArray("speed", "race_position", "distance_left", "gear", "gear_indicator", "rpm", "left_indicator", "right_indicator", "turn_back_indicator")]
process_mode = 3
script = ExtResource("1")
speed = NodePath("speed")
race_position = NodePath("race position")
distance_left = NodePath("distance left")
gear = NodePath("gear")
gear_indicator = NodePath("gear indicator")
rpm = NodePath("rpm")
left_indicator = NodePath("left")
right_indicator = NodePath("right")
turn_back_indicator = NodePath("turn  back")

[node name="speed" type="Label3D" parent="."]
transform = Transform3D(-0.984808, 0, -0.173648, 0, 1, 0, 0.173648, 0, -0.984808, 1.33236, 0.343445, -1.90637)
layers = 2
ignore_occlusion_culling = true
double_sided = false
no_depth_test = true
outline_render_priority = 0
text = "193"
font = ExtResource("2")
font_size = 75
outline_size = 1
horizontal_alignment = 2
line_spacing = -0.2

[node name="metric" type="Label3D" parent="."]
transform = Transform3D(-0.984808, 0, -0.173648, 0, 1, 0, 0.173648, 0, -0.984808, 1.14001, 0.224569, -1.90637)
layers = 2
ignore_occlusion_culling = true
double_sided = false
no_depth_test = true
outline_render_priority = 0
text = "mph
"
font = ExtResource("2")
font_size = 20
outline_size = 1
horizontal_alignment = 2
line_spacing = -0.2
script = ExtResource("3")

[node name="race position" type="Label3D" parent="."]
transform = Transform3D(-0.984808, 0, 0.173648, 0, 1, 0, -0.173648, 0, -0.984808, -1.0599, 0.268, -1.906)
visible = false
layers = 2
ignore_occlusion_culling = true
double_sided = false
no_depth_test = true
outline_render_priority = 0
text = "193"
font = ExtResource("2")
font_size = 40
outline_size = 1
horizontal_alignment = 0
line_spacing = -0.2

[node name="distance left" type="Label3D" parent="."]
transform = Transform3D(-0.984808, 0, 0.173648, 0, 1, 0, -0.173648, 0, -0.984808, -1.0599, 0.042156, -1.906)
visible = false
layers = 2
ignore_occlusion_culling = true
double_sided = false
no_depth_test = true
outline_render_priority = 0
text = "193"
font = ExtResource("2")
font_size = 40
outline_size = 1
horizontal_alignment = 0
line_spacing = -0.2

[node name="gear" type="Label3D" parent="."]
transform = Transform3D(-0.984808, 0, -0.173648, 0, 1, 0, 0.173648, 0, -0.984808, 1.14001, 0.0557059, -1.90637)
layers = 2
ignore_occlusion_culling = true
double_sided = false
no_depth_test = true
outline_render_priority = 0
text = "gear
"
font = ExtResource("2")
font_size = 45
outline_size = 1
horizontal_alignment = 2
line_spacing = -0.2

[node name="left" type="Label3D" parent="."]
transform = Transform3D(-0.984808, 0, -0.173648, 0, 1, 0, 0.173648, 0, -0.984808, 1.4, -0.3594, -1.9)
visible = false
layers = 2
ignore_occlusion_culling = true
double_sided = false
no_depth_test = true
outline_render_priority = 0
text = "<<<
"
font = ExtResource("2")
font_size = 70
outline_size = 1
line_spacing = -0.2

[node name="turn  back" type="Label3D" parent="."]
transform = Transform3D(-1, 0, -8.74228e-08, 0, 1, 0, 8.74228e-08, 0, -1, 0, -0.359, -1.9)
visible = false
layers = 2
ignore_occlusion_culling = true
double_sided = false
no_depth_test = true
outline_render_priority = 0
text = "turn around
"
font = ExtResource("2")
font_size = 70
outline_size = 1
line_spacing = -0.2

[node name="right" type="Label3D" parent="."]
transform = Transform3D(-0.984808, 0, 0.173648, 0, 1, 0, -0.173648, 0, -0.984808, -1.4, -0.3594, -1.9)
visible = false
layers = 2
ignore_occlusion_culling = true
double_sided = false
no_depth_test = true
outline_render_priority = 0
text = ">>>
"
font = ExtResource("2")
font_size = 70
outline_size = 1
line_spacing = -0.2

[node name="gear indicator" type="Label3D" parent="."]
transform = Transform3D(-0.984808, 0, -0.173648, 0, 1, 0, 0.173648, 0, -0.984808, 1.53809, -0.157143, -1.90637)
layers = 2
ignore_occlusion_culling = true
double_sided = false
no_depth_test = true
outline_render_priority = 0
text = "a
"
font = ExtResource("2")
font_size = 15
outline_size = 1
line_spacing = -0.2

[node name="rpm" type="Label3D" parent="."]
transform = Transform3D(-0.984808, 0, -0.173648, 0, 1, 0, 0.173648, 0, -0.984808, 1.29697, -0.157143, -1.90637)
layers = 2
ignore_occlusion_culling = true
double_sided = false
no_depth_test = true
outline_render_priority = 0
text = "a
"
font = ExtResource("2")
font_size = 15
outline_size = 1
line_spacing = -0.2
